7.81802273
7.76021145
7.74483438
7.89434573
7.60552411
7.77023058
7.69110802
7.76874443
7.76021734
7.91462388
8.21272593
7.72797639
7.69560750
7.74421297
7.75974086
7.96542016
7.45442709
8.01172126
7.75169122
7.86995922
7.95371051
7.66660901
7.82335109
7.65585560
7.63182976
7.84114596
7.67601904
7.75172640
7.81191638
7.79711669
7.95407921
7.49907612
7.62964835
7.86792927
7.81186086
7.77864443
8.07515128
7.87146360
7.66042479
7.59975079
7.66139758
7.87303387
8.02506257
8.01337787
7.63585774
7.79064067
7.83984811
7.93097778
7.63817677
7.73597341
7.68094018
7.76598521
7.80018611
7.70081217
7.41123714
7.61213278
7.66539539
7.56237872
7.63409660
7.52913010
7.87168347
7.88074521
7.84967877
7.65466051
7.87997693
8.06417364
7.82846546
7.61984886
7.73034011
7.86276551
7.72232585
8.02261536
8.02286058
8.12353784
7.68633113
7.63720712
7.70266035
7.66506481
7.85620742
7.63270281
7.81783226
7.87162911
7.90039019
7.83603314
7.72370644
7.74523710
7.79420734
7.90943987
7.60431678
7.81220358
7.98421410
7.85480692
7.77507740
7.47675232
7.57745672
7.97450458
7.79114154
7.88792481
7.83532332
8.05614536
7.81893903
7.75332977
7.78194769
7.59138904
7.94554828
7.72582856
7.81362363
7.82945350
7.84690783
8.01187917
7.99471891
7.63511093
7.71644822
7.75579202
7.67010577
7.56432372
7.91521169
7.89482974
8.00414204
7.76318223
7.92042711
7.82873186
7.80472972
7.95133961
7.53170097
7.82289749
7.91481626
7.66110797
7.59354552
7.84092342
7.81570761
7.80672516
7.79764386
7.60912716
7.67346179
7.66827193
7.68164130
7.74296555
7.85638979
7.96607364
7.49984592
7.99779052
7.85051812
7.60233927
7.84473502
7.70062119
7.79332054
7.68214862
7.73107032
7.70003549
7.96214111
7.98595579
7.53714565
7.88138262
7.53234392
7.27383650
7.62295974
7.87481329
7.83592261
7.84986908
7.48989724
8.00914333
7.82614748
7.81277192
8.03671840
7.78974756
7.79813578
7.70756186
7.68870049
7.64545232
7.92986319
7.77167127
7.84621903
7.81189812
7.87337850
7.65182638
7.67215638
7.69056207
7.93957835
7.95232635
7.64728455
7.78490989
7.81538118
7.92132090
7.88763757
7.45085483
7.70483479
7.93312546
7.90195220
7.82949425
7.61367566
7.79720799
7.90124362
7.46005425
7.88124930
7.69541718
7.96013264
7.81582163
7.77516709
7.62835963
7.82368901
7.80643202
7.77610547
7.89578151
7.46116425
7.85821085
7.94865150
7.69673446
7.84992256
7.74737318
7.67191900
7.71179013
8.05488647
8.03401977
7.52229430
8.06154257
7.55130974
8.06691170
8.15387155
7.74479570
7.86323321
7.88381393
7.99458809
8.00627294
7.62635978
7.82811894
7.77483624
8.10460650
7.91985758
7.72884761
7.62529153
7.90835060
7.67787197
7.76262218
7.43996009
8.16762747
8.02883352
7.79647925
7.62020217
7.86549541
7.86091752
7.80105339
7.59917276
7.83032443
7.85187768
7.47981381
7.48996758
7.72404000
7.57695236
7.71185526
7.75070699
7.72091364
7.89547608
7.79980535
7.93293943
7.86894499
7.82307079
7.67261214
8.01675896
7.85201141
8.03627251
7.71186054
7.67846259
7.57339819
7.88863281
7.57374459
7.92466177
8.17243640
7.68191980
7.92464327
7.79752419
7.78753657
7.73308208
7.47035963
7.97707300
7.62727806
7.75039233
7.74468115
7.79089227
7.74899929
7.87652960
7.75815220
7.83255016
8.05031194
8.09433879
7.57346337
7.76182806
7.81179645
7.80925195
7.88823302
7.81747223
8.05342702
7.88464744
7.59415875
7.90126525
7.70159127
7.89644747
7.68556858
7.66429787
7.74048857
7.85398347
7.74353310
8.06676917
7.76253256
7.77057629
7.56226670
7.79207863
7.63284687
7.61630262
7.89634998
7.89515660
7.92152147
7.90180099
7.61493081
7.70541744
7.91505709
7.94278595
7.72656228
7.84379229
7.83065337
7.87905268
7.78751883
7.66896286
8.01771554
7.76656296
7.77643995
7.86350610
7.80989132
7.71481202
7.55723444
7.86582510
7.90225380
7.65166527
8.07588617
7.75943698
7.63531637
7.76037210
7.85372470
7.94495045
7.90098050
7.80087339
7.93725821
7.87870795
7.63318661
7.72705121
7.81477837
7.70533380
7.78319038
7.81036200
7.77759347
7.81458127
7.81699685
7.46508337
7.84475932
7.75844157
7.82554152
8.02589546
7.77861054
8.02492762
7.66826672
7.73724595
7.52092586
7.74602633
7.96997449
7.53666335
7.81311841
7.67482939
7.71984739
7.79315606
7.51161143
7.73528439
7.68603495
7.61503067
7.66112998
7.75158929
7.89681548
7.49244290
7.85042607
7.69503680
7.99149005
7.81530442
7.68148287
7.78312007
7.78436428
7.77457436
7.96239514
7.63819614
7.88788316
7.68655397
7.86964668
7.90284180
7.73968270
7.79769943
7.96401651
7.68052179
7.51812919
7.91774434
7.39433039
7.95570635
7.57266826
7.81285602
7.57741006
7.69961722
7.67278330
7.94127302
7.54796252
7.67295716
7.71849068
8.06451604
7.81367249
8.01259557
7.84279009
7.72902149
7.67957039
7.75187361
7.92952935
7.62432354
7.83774348
7.96422280
8.01280504
7.86655754
7.61827656
7.79263763
7.93499242
7.95190444
7.95360430
7.90509527
7.89996636
7.64267244
7.71157241
7.91577985
7.83529158
7.48191115
7.91254968
8.02116311
7.94869667
7.71377020
7.56265034
7.56419792
7.68279148
7.76174421
7.82151349
7.47628944
7.84765086
7.68070203
7.77107487
7.64946744
7.64971314
7.59003313
7.77547996
7.93189910
7.85744088
7.71900405
7.86989802
7.71283561
8.07927012
7.78264457
7.80460590
7.71337933
7.96909262
7.89114458
7.82478343
7.63593479
7.54507788
7.75612376
7.91934535
7.73634436
7.66328115
7.83324405
7.73061644
7.74690001
7.82261231
7.73265294
8.01406341
7.73540679
7.84384632
7.75410122
7.96887978
7.89909832
7.96115148
7.64823793
7.71294688
7.69922404
7.93565877
7.58445290
7.89742581
7.73419377
7.60900689
7.53791315
7.37475868
7.71177692
7.77568205
7.57275718
7.63230762
7.72943506
7.70866816
7.99227049
7.69344142
7.47419167
7.80434739
7.86608713
7.77786261
7.80559889
7.77885319
7.76526549
7.81953320
7.84251386
7.47169180
7.73987449
7.93225376
7.87914112
7.70483059
7.52605563
8.00603762
7.52126706
7.80057064
8.09910766
7.65748543
7.73696669
7.70349473
7.96777911
7.77448631
7.72876310
7.72410105
7.85708675
7.79362764
7.70281499
7.69910688
7.80112500
7.97605963
7.84488505
7.83658894
7.62572392
7.76257335
7.73938949
7.61213203
7.81665233
8.00228855
7.66374679
7.81089501
7.67115485
7.83885934
7.61703346
7.86492738
7.84704643
7.59608484
8.00105708
7.95827247
7.87177911
7.91989071
8.01360322
7.82215662
7.78402518
7.75082338
7.57730313
7.72622653
7.71741440
7.63731685
7.85900247
8.06356170
7.67980780
7.56260201
7.91828944
7.66440950
7.78365935
7.82651053
7.77471349
7.92324659
7.96325126
8.00809609
7.72599394
8.05715244
7.90499221
7.91753451
7.80273637
7.66493777
8.04630871
7.64451459
7.54817749
7.92695620
7.79768316
7.70135252
7.62929855
7.61443906
7.83290160
7.98405411
7.81737072
7.89881036
7.78960429
8.27191944
7.70520433
7.95093552
8.08171361
7.79507337
7.68057626
7.71937031
7.73167227
7.93879601
7.74403264
7.76862898
7.96581804
7.59028688
7.97929200
7.46905872
7.81517387
7.45511690
7.92114424
7.77866111
7.79263065
7.74127791
7.82085357
7.86666972
7.88258508
7.47091888
7.58072983
7.73701279
7.70509055
7.92470152
7.85241735
7.72773202
8.03860687
7.70890835
7.93025114
7.64742873
7.86477096
7.63967176
7.80648577
7.47137766
7.69954534
7.75924110
7.54937345
7.63925798
8.04486894
8.05128407
7.96933415
7.61167390
7.60183867
7.70517595
7.82421340
7.80868490
7.73733091
7.90846202
7.54440469
7.61403860
7.52954750
7.55216280
7.80273468
7.59185675
7.75520152
7.69582043
7.86990416
7.89984872
7.54750045
7.90756653
7.60990786
7.87399208
7.63414771
7.76490904
8.10426007
7.67764397
7.93612078
7.77616363
7.84132602
7.96294592
7.64356285
7.74155264
7.83368985
7.73419752
7.94763683
8.02358012
7.52094535
7.79807264
8.03957158
7.84265767
7.76888282
7.67571113
8.04285590
7.64742170
7.90161397
7.79548176
7.75455981
8.16465587
7.80680081
7.94722462
7.83792615
7.78225314
7.44126546
7.61040320
7.70925898
7.52932811
7.84006210
7.91249695
7.49283993
7.89808987
7.90867868
7.40940402
7.83558401
8.24343658
8.09538615
7.90104981
7.86317143
7.60400369
7.62994050
7.87324115
7.80801072
7.77388316
7.97674143
7.69671074
7.60915964
7.78984788
7.51770090
7.68644206
7.76654926
7.76215037
7.93635952
7.62448101
7.58170673
7.67472686
7.92475962
7.87355186
7.83564216
7.64206979
7.84047531
7.89357192
7.53343928
7.95485095
7.82719924
7.59388970
8.44549980
7.65830401
7.77488642
7.71766152
7.71812428
7.95541689
7.92419240
7.94470654
7.66849031
8.07203823
7.86068539
7.67332332
7.61215254
7.61065773
7.47310035
7.79831455
7.71064678
7.74578841
7.56875347
7.63457561
7.46907621
7.83580441
7.90419039
7.83893890
7.72921356
7.67219948
7.81631569
7.89958326
7.69671370
7.78712298
7.58118998
7.85128926
7.88910874
7.87813219
7.57041482
7.92389875
7.59618329
7.89741767
7.99774454
7.58403809
8.17609553
7.48908742
7.97900377
7.68099935
7.61125762
7.81861133
7.77357649
7.62855963
7.53905810
7.95479288
7.97969698
7.84110333
7.73346414
7.65744885
8.09935659
7.82216931
7.94584597
7.81410894
7.82228467
7.86020995
8.13114722
7.71458134
7.68839753
7.84102506
7.67141480
7.70687958
7.60558338
8.07874842
7.74042453
7.62943079
7.45603924
7.78896270
7.59806031
7.55398961
7.77068501
7.99252439
7.59988545
7.79186735
7.69894282
7.87019721
7.86541776
7.70035460
7.69590308
7.55035084
7.93126658
7.91686110
7.77558910
7.63404683
7.58295468
7.90646134
7.93269479
7.90284963
7.73113320
7.55512768
7.55653210
7.92681465
7.78668286
7.91093149
7.70617535
7.56826173
7.54286878
7.95913431
7.76416733
7.98758523
7.90181840
7.86681567
7.49749973
7.82390947
7.99871269
7.82966733
7.76633780
7.66636279
7.92241610
8.12628014
7.81351618
7.71238207
7.54065319
7.59363772
7.73011119
7.66763601
8.16080373
7.90044638
7.76045738
7.68311496
7.69420319
7.80997020
7.77505031
7.75582738
7.84032169
7.83660696
7.62736342
7.68721432
7.48135073
7.73021613
7.60417655
8.07514899
7.94486770
7.65995157
8.09151970
7.70574433
7.63339440
7.66575987
7.57331947
7.80527844
7.74184318
7.84749956
7.77922213
8.01998471
7.77908262
8.01047146
7.62021886
7.88215529
7.71702379
7.86095344
7.90968678
7.81482192
7.68607001
7.77593026
7.68733833
7.65678016
7.81862068
7.71742169
7.86576199
7.56935133
7.62848022
7.80951004
7.82576431
7.83797948
7.72728836
7.93115851
7.77841947
7.85570986
7.70062211
7.98225364
7.90673346
7.88169610
7.71237569
7.73915007
7.79055970
7.87871022
7.74673247
7.76279245
7.86533561
7.71943175
7.82517831
7.67750841
7.86812744
7.73968400
7.89591241
7.78700965
7.83429842
7.81211192
7.84681114
7.60519184
7.77923362
7.73508106
7.55052810
7.92386271
7.78967888
8.26416733
7.67481208
7.63498888
7.63879539
7.55571498
7.74481642
7.76523936
8.03414839
7.96302853
7.46612508
7.72623221
7.89906164
7.55638191
7.83437777
7.82130354
7.72510231
7.47105705
7.72292362
7.60315069
7.67348211
7.76720417
7.83541447
7.88796536
7.77898281
7.77566032
7.80294086
7.66108779
7.47392020
7.83092205
7.79952809
7.67022782
7.95377177
7.74947055
7.81283091
7.86274720
7.89189980
7.65548381
7.65196396
7.66155016
7.76277885
7.78205205
7.81311676
7.60778777
7.63656940
7.81708901
7.50423317
7.88687873
7.55038015
7.97536009
7.67645147
7.72502672
8.03074886
7.90287031
7.97312822
7.78089628
7.70817549
7.59934365
7.72308554
7.64673559
7.76381056
7.52244698
7.92944103
7.83637311
7.70593045
7.67071746
7.82343011
8.00048662
7.99114309
7.66476699
7.77897750
7.69230263
8.04747578
8.12276880
8.12612380
7.77047265
7.99967460
7.77229437
7.90876761
7.90276689
7.66412376
7.80818452
7.65746255
7.83023906
7.72940822
8.02011021
7.83129521
8.04531727
7.77257167
7.71154007
7.89565165
7.69121433
7.81573936
7.80494775
7.98057808
7.53909231
7.63158383
7.44700341
7.79569508
7.76704376
7.76044536
7.93571615
7.58132303
7.77139070
7.53292289
7.63591836
7.77198452
7.55950474
7.90792136
7.91372994
7.57975272
7.46228048
8.02852426
7.67559545
7.49717567
7.88827039
7.54937632
7.78078103
7.86902251
7.62530403
7.80269373
7.57601158
7.81340362
7.61642070
7.75398331
7.94693148
7.81217488
7.39324954
7.75402624
7.74110140
7.74239775
7.60059509
7.69577221
7.90507889
7.77771081
7.68644495
7.83584001
7.64165892
7.61065460
7.98015399
7.53213409
7.84802221
7.95344398
7.74520770
7.66057814
7.71192426
7.79229238
7.58440975
8.03922797
7.86173699
7.76995611
7.54758336
7.91403100
7.69565006
7.90831142
7.83309412
7.89934953
7.68337151
7.86093704
7.56151879
7.87872881
7.76210721
7.58737706
7.65164762
7.96816210
7.64054438
7.82687026
7.73630262
7.84404428
7.64038506
7.59923291
7.80859943
7.79575885
8.22156273
7.64206307
7.67642520
7.82824729
7.72289764
7.82898645
7.61928971
7.71629875
7.69451563
7.86749986
8.16255212
7.37553877
8.03245681
7.95553961
7.86843304
7.82936369
7.61156074
7.71376537
7.91010297
7.58056939
7.68346871
7.78916157
7.77605122
7.89984413
7.74881751
8.00650830
7.68340135
7.76620261
7.62765515
7.64446820
7.35645482
7.83031385
7.69788263
7.79441572
7.66991604
7.94583671
7.59917475
8.01054611
7.71213668
8.03187739
8.04594392
7.69667498
7.85533198
7.69228868
7.77073852
7.70197497
7.84246405
7.76216240
7.80020416
8.19592958
7.87206650
7.75511884
7.74958326
7.69667193
7.77957539
7.95464150
7.75345636
7.59290162
7.64205623
7.88409966
7.71044533
7.67796085
7.80813569
7.98889248
8.00941200
7.91169774
7.66185749
7.77424444
7.72388104
7.75942179
8.12323975
7.69367590
7.62783164
7.73715298
7.81131564
7.71474645
7.92362202
7.78265036
7.38659519
7.88875879
7.76210950
7.37774062
7.58454503
7.62122739
7.48664909
7.74228597
7.92605647
8.00512961
7.81429176
7.61489465
7.91796677
7.64593088
7.60074050
7.74938520
7.74942055
7.83828655
7.78360045
7.91690477
7.84206219
7.76377379
7.93162700
7.74052642
7.66723871
7.98415640
7.58231319
7.94671540
7.96507050
7.79508244
7.68376844
8.09169456
7.57659373
7.91514984
7.74411065
8.06827390
7.82328478
7.98145319
7.74845207
7.75013052
7.87616105
7.95973681
8.02766729
8.04490017
7.75739901
7.82550042
7.98557925
7.73792969
7.70487863
7.82165807
7.94764548
7.70659304
7.80057733
7.63172049
7.84588947
7.74560742
7.75158692
7.82451627
7.91567090
7.70316169
8.05231656
7.73738052
8.03966585
7.72094487
7.81569864
7.57651123
7.67129131
7.97134326
8.00413280
7.75503526
7.75968994
7.86007639
7.83885232
7.83281265
7.50604374
7.63001472
7.88755211
7.78313751
7.52471747
7.78086671
7.67148532
7.82843731
7.86751648
7.74120720
7.69979092
7.81135176
7.75589594
7.80735284
7.80610406
7.65398218
7.71792271
8.01205407
8.07728686
7.81631194
7.62156265
8.05992203
7.86867977
7.59501004
7.84721974
7.79210485
7.81612822
7.26164112
8.03106440
7.75615664
7.92062245
7.66384562
7.97119442
8.05515328
7.81673270
7.74460577
7.51738308
7.71612607
7.92645109
7.80980933
7.82155798
7.54578125
7.74960996
7.57743080
7.87126032
7.79176182
7.80080271
7.60004236
7.61458330
7.85294575
7.60564142
7.65778717
7.76128219
7.96819025
7.73611475
8.10401048
7.73025238
7.91464475
7.86246736
7.68633956
7.60250420
8.35912765
7.68127320
7.71468963
7.66657104
7.53033670
7.84418672
7.74353117
7.86885001
7.75888487
7.86021269
7.85793759
7.66804262
7.75550005
7.78046372
7.86273220
7.61356209
7.63468138
7.87051323
7.52567317
7.63665131
7.81186182
7.70499068
7.81387190
7.94661013
7.88403946
7.73148773
7.88988717
7.81521362
7.90495368
7.76658675
7.60791431
7.67017156
7.79439685
7.70365331
7.91060621
7.85947337
7.69355190
7.73681439
7.59995581
7.83244821
7.94153287
7.82853141
7.86754459
7.79184024
8.06479263
8.02079213
7.64868290
7.86515413
7.81204975
7.70483981
7.85617686
7.49379192
7.83507581
7.94965426
7.96631732
7.69955309
7.91899469
8.04355037
7.70663286
7.71537288
7.69168404
7.82202199
7.78076332
8.24796717
7.71263908
7.82471204
7.69868965
7.77637248
7.45299261
7.99569667
7.82264590
7.37202338
7.94204790
7.64944146
8.16627848
7.92708472
7.90266871
7.86144380
7.86964136
8.07089359
8.18574694
7.94389224
7.74007791
7.81113709
7.86510171
7.81053128
7.76773345
7.64391796
7.32900963
7.61571204
7.92954458
7.58902483
7.56981885
8.17941093
8.00904599
8.03922400
7.48247232
7.95343021
7.99261011
7.84957861
7.64042064
8.22334726
7.84151654
7.51887384
7.68420504
7.57003814
8.08971246
7.69825769
7.84628903
7.73456893
7.93460898
7.77908743
7.76587245
7.97618675
7.57785401
7.80996478
7.88528377
7.82082234
8.08076610
8.06910784
8.12965293
7.68974817
7.84661248
7.73921933
7.45838610
7.73710525
8.10929640
7.77591490
8.09253111
8.09546120
7.84376775
7.83497123
7.88548204
7.67235907
7.95594489
7.82078794
7.85632453
7.79640561
7.65645949
8.02754593
7.93469820
7.99243116
8.20288165
7.71346042
7.58639310
7.60487169
7.82018220
7.78020680
7.82611394
7.74306705
7.94339022
7.83609751
8.09367457
7.62692816
7.84358495
7.46941666
7.78381752
8.06101677
7.55328082
7.72011823
7.30408680
7.83497697
7.90687215
7.71731249
7.90559380
7.77527978
7.89537891
8.02148490
7.66065705
7.70466882
7.92764626
7.91888467
7.99278465
7.76132147
7.73685059
7.72661296
7.89927931
8.05350430
7.68858537
8.09916846
7.87487838
7.83266581
7.71583109
8.13321566
7.73874056
7.68605862
7.68148409
7.67404580
7.80434831
7.76204367
7.74899677
7.81408392
7.55961673
7.92102081
7.93650400
7.76498912
8.08106116
7.64179836
7.92778358
8.27633742
7.54931157
7.56555420
7.83334122
7.62228962
7.77779040
7.82580873
7.89183038
7.77126091
7.95589540
8.08115275
7.92907837
7.73687019
7.97299014
7.60253353
7.85743660
7.86415782
7.82892075
7.37062385
8.26961580
7.54001758
7.74813687
8.06503839
7.61947079
7.74863187
7.68684657
7.81820235
7.82519769
7.99155011
7.87482016
7.83632196
7.77236225
7.76082386
7.93191443
7.66558239
7.60025263
7.91172505
7.71417048
7.62462356
8.03048475
7.87580469
7.57341044
8.00251902
7.83937366
7.79091153
7.63163423
7.70201207
7.74566581
7.74370574
7.78199551
7.57590375
7.78126750
7.70133674
7.77933892
7.75548128
7.71358121
7.70404974
7.77846763
7.98951242
7.79969801
7.81947827
7.61305172
7.68970527
7.84339117
7.54245125
7.68755543
7.60094087
7.92757688
7.77995430
7.64375240
7.74225789
8.03299265
7.77414420
7.80084416
7.91982067
7.72625870
7.89029349
7.61932516
7.76706078
7.82934651
7.85679781
7.65144387
7.85678200
8.00623495
7.76914465
7.83961885
7.60770507
7.85617327
7.73635118
7.74906901
7.56922847
7.58154779
7.93556514
7.70653880
7.83159732
7.68342769
7.74147252
7.46202199
7.83166296
7.49816830
7.77080720
7.88186049
7.61241500
7.82255711
7.65300581
7.65161919
7.84896333
7.96871715
8.08493394
7.69956013
8.10645211
7.89660907
7.71659451
8.02864220
8.03512468
7.74462586
8.05613725
7.88395959
8.02053099
7.69854672
7.77822688
7.72814885
7.76387999
7.61106154
8.14186081
7.76802260
7.64099971
7.68240011
8.12646307
7.82647914
7.64492862
7.90654443
8.06437643
7.54927073
7.75354556
7.69519055
7.81056351
7.69075516
7.65619634
7.77140434
7.74347349
7.62281143
8.04631943
7.78398998
7.85071137
7.63439674
7.92181622
7.86043308
7.84225988
7.87875290
7.46847128
8.01202429
7.70601434
7.91573805
8.00260665
7.88266023
8.08138043
7.80102174
7.85787578
7.46940380
7.79606592
7.62659119
7.72650418
7.61108315
7.83732547
7.90528028
7.75343730
7.87681392
7.54375446
7.79094211
7.70715653
7.67969970
7.73809596
7.64677867
7.80790475
7.84764161
7.94475329
7.74593235
7.86587890
7.72759803
7.91907535
7.53973552
7.52251169
7.83080434
7.67576995
7.72620330
7.78328601
7.66124346
7.93954030
7.75786175
7.62478240
7.66706151
8.06802725
8.03870203
7.79270853
7.74607991
7.80096021
8.00334630
7.66847268
7.70513067
7.66672002
7.43848231
7.96862008
7.99210605
7.98945512
7.69724487
7.82776094
7.94877442
7.70393025
7.69148796
7.68841031
7.82914978
7.78967670
7.94779035
7.65584583
7.85321135
7.59021104
7.85572858
7.90520151
7.61208311
7.80441913
7.89989645
7.79234085
7.79249354
7.62162019
7.85678386
7.83347247
7.55422310
7.66070655
7.73403857
7.78365739
7.93172030
7.67812454
7.93334408
7.68837294
7.96931086
7.74766453
7.60947058
8.05343068
7.70187649
7.81013071
7.84717978
7.56061686
7.84428683
7.83503605
7.85878556
7.81942844
7.97534964
8.11510412
7.96169271
7.87871284
7.64129564
7.76473980
7.72062365
7.61023434
7.73043495
7.46757534
7.60984569
7.91746047
7.75709163
7.60973482
7.87384766
7.83111999
7.93794428
7.62180240
7.84426849
7.72557792
7.94922323
8.17661069
7.83863725
7.94051206
7.88001569
7.83462438
7.51993299
7.64429154
7.87601484
7.87770830
8.11988062
7.68475775
7.44005087
8.03595646
7.58636539
7.79108024
7.58111325
7.83434175
8.08503180
7.95004267
7.88775552
7.85539642
7.84948389
8.04080134
7.82550634
7.69750807
7.73174297
7.96384860
7.92611377
7.99028357
7.95432591
7.94848623
7.79844129
7.74899299
7.70919027
7.66688814
7.93974018
7.44047760
7.93925356
7.66639205
7.74815713
7.79419721
7.90627388
7.72924953
7.88223354
7.87425038
7.81956491
7.97209675
7.78420696
7.95627970
8.14565485
7.85246015
7.72435961
7.75624410
7.91115181
7.66322043
7.77373111
7.78125495
8.01095018
7.64151230
7.79097677
7.87211688
7.60278157
8.08592952
7.77318113
7.99058680
7.97019110
7.71907164
7.74790712
7.62965109
7.81716748
7.99085506
7.85388718
7.88654591
8.07018783
7.80224974
7.81116577
7.91806727
7.86522100
7.81554789
7.82268264
7.86627034
8.15210124
7.80560168
7.85718986
7.93821560
7.68693452
7.62471241
7.52268442
7.71439994
7.89168640
7.78610990
8.24189906
8.03165137
7.91494767
7.89571427
7.95611056
7.84330400
7.72942231
7.61983065
7.83399671
7.90026586
7.90180913
7.54462533
7.47372329
7.61197295
7.83969011
7.59070843
7.60385574
7.86197701
7.68326290
7.74059499
7.71614332
7.72206786
7.89590709
7.81375626
7.72966064
7.73754434
8.04735844
7.73578133
7.62381198
7.94038202
7.44770565
7.65336424
7.61785930
7.75991916
7.96058887
8.10729623
7.75483576
7.87766687
7.73892638
8.11367326
7.78828090
8.44450371
7.72823578
7.86611529
7.86870660
7.94029394
7.76262041
7.74839452
7.88663199
7.94622414
7.68392671
7.65036811
7.77066852
7.96489864
7.58320632
7.83079945
7.68423927
7.69880540
7.95168003
7.69613577
7.83473316
7.75442839
7.60775287
7.70089755
7.87016832
7.80273761
7.70053703
8.04329193
7.82657269
8.36865840
7.98884746
7.71735713
8.02198521
7.85595737
8.07436632
7.79239066
7.63842482
7.82458492
7.80165769
8.06595685
7.79920485
7.89172513
7.79584474
7.77159404
7.85401452
7.81632767
7.87518324
7.82964151
7.89084394
7.51431952
7.85160858
7.63554332
7.76662222
7.58228896
7.76757072
7.92194114
7.46140879
8.32432537
7.86516731
7.91065389
7.49174727
7.62278692
7.74875079
7.63701560
7.71115826
7.73598578
7.63278106
7.95454243
8.16934266
7.72402554
7.86969971
7.77984376
7.70880839
7.54629512
7.64709955
7.89223152
7.86771369
7.74016664
7.73202664
7.55717262
7.82548875
7.49335808
7.83165807
7.58889166
7.64043050
7.71124897
7.91590159
7.99046143
7.79451222
7.69035492
7.73182796
7.80234956
7.94054700
7.83805118
7.37924705
7.49966500
7.56112246
7.50983070
7.82905990
7.45936388
7.68952317
7.69555548
7.93317772
8.01910266
7.64942023
7.46808943
7.66718595
7.90135517
7.58992328
8.03492266
7.49254667
7.62598286
8.04394015
7.76722562
7.67292566
7.61204206
8.19025957
7.72586162
7.90567881
7.74189736
7.97983549
7.50223814
7.67059038
7.83519053
7.82984953
7.60644836
8.02707019
7.75763342
7.83882371
8.01460171
7.69182141
7.79283352
7.88500778
7.80845014
7.65613650
7.85187437
8.00950924
7.82166917
7.88985104
7.79983813
7.84179145
7.90317470
7.44239457
7.94853086
8.05100559
7.81583885
7.71266657
7.59151359
7.57079254
7.78072099
7.72715469
7.70898999
8.13904202
7.77868946
7.97614567
7.74421268
7.67515505
7.86226934
7.54696601
7.76996869
7.79832396
7.56033781
7.46552155
7.76390685
7.64765015
8.01016585
8.19567123
7.62971826
7.71966356
7.74276096
8.02865244
7.71399083
7.93192079
7.66924570
7.84540653
7.83890964
7.79924463
7.63743283
7.86112410
7.65757953
7.83872435
7.89572064
7.76297202
7.80441326
7.56559941
7.89152165
7.94029227
8.11717128
7.93472792
8.01457544
7.87482408
7.92827315
7.74569408
7.57905602
7.89724361
7.55464977
7.90720893
7.69076811
7.53678745
7.91838779
7.84025599
7.77300658
7.80772277
7.94498701
8.04962389
7.95510211
7.92994277
7.83993473
7.72161455
7.89457063
7.62398503
8.07293744
7.87626180
7.83996184
7.85678088
7.74859811
7.90168469
7.93453752
7.61718297
7.84998924
7.82007484
7.91060010
7.82773207
7.87532264
7.69009887
7.89389105
7.80344665
7.80138808
7.93492966
7.99466155
7.79048956
7.77670033
7.93075886
7.74716798
7.64554772
8.02702470
7.68681427
7.84514428
7.79012711
7.75785685
7.71172021
7.83304808
7.57056287
7.75327199
7.98301942
7.90409539
7.55831833
7.74007870
7.79344987
7.63654947
7.89466936
7.85498565
7.54676187
7.87869660
7.73625869
7.98282799
7.75652365
7.75120635
7.65720697
7.90716487
7.78695749
7.92766464
8.00790202
7.91992518
7.98764481
7.71651021
7.89414149
7.70806756
7.97712404
7.83075731
7.81221970
7.48607506
7.74533208
7.93566522
7.86482900
7.73214526
7.83071370
7.70567399
7.82853669
7.58521841
7.68535949
7.79634212
7.56536539
7.89952400
7.81342972
8.00556586
7.79559789
7.76589589
7.92139825
8.00664237
7.77288604
7.66108709
7.91517331
7.78704408
7.73840324
7.80611823
7.64247226
7.67918105
7.86696717
8.04608071
7.87894507
7.76769408
7.89714939
7.55245947
8.10206763
7.61814056
7.83034378
7.85391400
7.60117330
7.76855371
7.94511393
7.82287458
7.76352472
7.69057162
7.90102464
7.67883040
8.06248161
7.34942794
7.77988468
7.65085664
7.89089240
7.88151422
7.60741345
7.71277080
7.77706677
7.77510791
7.73949806
7.71130673
7.69610402
7.65416031
7.87587784
7.79891408
7.92015844
7.91570501
7.81517602
7.65122760
7.76623861
7.68211587
7.76736487
7.85785513
7.52003568
7.86388570
7.78791237
7.92459280
7.85711468
7.59514792
7.70784285
7.73177223
7.81717229
7.82241316
7.75612852
7.63560337
7.76172323
7.95528058
7.77000260
7.75458507
8.18199226
7.74055059
7.75555902
8.02839747
7.84723273
7.49990398
7.69749676
7.79416949
7.83858283
7.86559755
8.15003443
7.77639743
7.95167419
7.84036658
7.92733585
7.27986894
7.92478716
7.66849651
8.00477630
7.81707798
7.95557113
7.76452119
8.01038323
8.10703767
7.52870562
7.64393463
7.88456842
7.71232579
7.60287523
7.65753115
8.00563115
7.75365590
7.86148987
7.79962139
7.93200094
8.03674034
7.89038380
7.60720353
7.72323415
7.68898295
7.57623633
7.72368653
7.90721508
7.58476742
7.97967058
7.75319423
7.43545834
7.79556345
7.83961155
7.81217001
7.83158658
7.96320546
7.80347990
8.25019169
7.93358821
7.99792172
7.69536073
7.72819981
7.67374088
8.02262851
8.29327109
7.86598635
8.15766861
7.65304524
8.00833167
7.96591087
7.52143148
7.62205233
7.74454739
8.01021512
7.65143782
7.94649218
8.24036526
7.93080396
7.55571972
8.02451575
7.82148068
7.75713739
8.10736013
7.58044633
7.79529343
7.74536762
7.75287745
7.80084213
7.83490836
7.74714201
7.87803413
7.98990046
7.86728314
7.91180519
7.83642730
7.83612970
7.80214218
7.90461628
7.95943162
7.87453840
7.55841951
7.83845778
7.94562157
7.87222246
7.72443389
7.82467493
7.91509385
7.63521203
7.73513971
7.72444332
7.74856917
7.90711715
8.15149417
7.88188669
7.70949139
7.93558217
7.87185420
7.68252260
7.64787202
7.72152263
7.64468162
7.93275530
7.72755292
7.78701211
8.11607375
7.62848566
7.38318577
8.01925032
7.85773817
7.79365975
7.64573426
7.72864845
7.75727155
8.02788596
7.68030393
7.84932739
7.90679907
7.90159390
7.49610367
7.79911009
7.82172206
7.61887111
7.74306737
7.62179131
7.85506025
8.15948588
7.81387192
7.98872607
7.79737026
7.85579185
7.69227554
7.96390744
7.80998998
7.91993286
7.66683455
7.86701593
7.94035927
7.92448071
8.17953373
8.18009916
7.99520944
7.73769743
7.63876891
7.99072658
7.91343703
7.73629412
7.47601365
7.79158581
7.47802186
7.73836950
7.62640539
7.66085685
7.92016333
7.91903192
7.82567247
7.53041187
7.95060496
7.90143470
7.60343841
7.93637579
7.70266019
8.08030114
7.73362750
7.54789180
7.80525583
7.89275640
7.85725600
7.76645796
7.74911309
7.73217702
7.78768339
7.52292164
7.75548585
7.56934800
7.90156097
7.91394250
7.70439838
7.82445973
7.90535924
7.88865039
7.95920889
7.59603478
7.77677328
7.73174688
7.94285163
7.72811385
7.92949918
7.93658681
7.90609353
7.99658737
7.67559716
7.99581899
7.60096460
7.52752323
7.81318596
7.65305317
7.83633156
7.97709194
8.03699195
7.62531361
7.86671936
7.97959684
8.08080824
7.76644245
7.71409183
7.65884194
7.73752608
7.62175927
7.96499352
7.60476918
7.69261413
7.74745123
7.71224282
7.87222753
7.74030921
7.86089252
7.43272281
7.72632827
7.97326262
7.59282293
7.77886073
7.56286226
7.53095828
7.88842305
7.96476905
7.69904443
7.50335433
7.67900197
7.91650654
7.57374010
7.72727167
7.94758258
7.64547442
7.88400388
7.59934758
7.82062679
8.01766482
7.97460499
7.44358178
7.58845874
7.61014032
8.04390979
7.92286720
7.58515195
8.02759747
7.33662845
7.96953274
7.86372270
7.55425034
7.82972022
7.84581310
7.70412562
7.92325765
7.77255046
7.88557778
8.04811362
8.01179655
7.58667775
7.71596458
7.68207094
7.89025948
7.80619305
7.41024877
7.87506442
7.78226961
7.83227601
8.00571170
7.74359032
7.82775498
7.59330167
7.63721236
7.49959452
7.68714743
7.88865653
7.66842666
7.78887362
8.09391819
7.78145903
7.71163009
7.91848829
7.96769962
8.02996861
8.09051014
7.79170565
7.91990635
7.86723779
7.65333021
7.57111642
7.80031260
8.12192092
7.54511386
7.91996414
7.59793742
7.79891514
7.65920500
7.79006744
7.76953322
8.06060307
7.78241685
7.94348944
7.70445225
7.87213765
7.75142523
7.88907641
7.69008915
7.62426612
7.83140390
8.00647724
8.02261846
7.57577676
7.61328372
7.60063355
7.64260140
7.80255341
7.92857846
7.73513663
7.83141717
7.84613527
8.05993688
7.84933566
7.49463606
7.96948335
7.76281190
7.72623434
7.70622411
7.80948770
7.66490058
7.75371358
7.72126197
7.83321060
7.52036173
7.79828557
8.06704755
7.51879464
7.73810317
7.72539892
7.98503105
7.91803359
7.90952677
8.09186263
7.72794167
8.02817284
8.05848660
7.58833294
7.66140556
7.87367768
7.74319574
7.81969248
8.16948260
7.26299235
7.56192139
7.76107758
7.68900248
7.75997911
7.48462102
7.55610188
7.69433206
7.90296420
7.43992851
7.92435737
8.18374386
7.67138726
7.67567738
7.59021184
7.71804194
7.73312531
8.13763641
7.43474583
7.57842231
8.27090448
7.85796116
7.76845155
7.83641925
7.84610990
7.64326808
7.91285723
7.99597384
7.69783895
8.23940622
8.07440878
7.67306930
7.90538214
7.97144426
7.97372075
7.86974372
7.88393210
8.07728018
7.95250919
7.58874818
7.54933693
7.53602499
7.89581835
7.74687344
7.65856983
7.96284781
7.86864242
7.67877120
7.71715126
7.63241409
7.65900363
7.95152503
7.72937817
8.08398900
7.94774463
7.87295963
7.87365040
7.74646708
8.00348081
8.02492594
7.86141020
7.69675886
7.96547353
7.75638807
7.86195636
7.72568174
8.08678761
7.95690970
7.93031718
7.95093899
7.95228051
7.91278040
7.76010330
7.72708640
7.85577358
7.64299725
7.55805650
7.55364187
7.79508246
7.62013788
7.66437636
7.76189162
7.81065213
7.53630431
7.71491431
7.71455639
7.87762834
7.80357729
7.67102892
7.79554337
7.56659665
7.78270500
7.88401982
7.60211609
7.83651056
7.50494326
7.83610250
7.83038093
7.79852125
7.61098915
7.64608300
7.92123119
7.71039420
7.67415270
7.77660153
7.70290813
7.85832659
7.98678739
7.71086912
7.82621243
7.74332511
7.92048296
7.96828072
7.81091218
7.70253064
7.62425855
7.98883970
7.70452846
7.92210152
7.94865496
7.74125095
7.87913225
7.85871185
7.99240136
8.08424199
7.84163237
7.87735793
7.64109140
7.59081018
7.92381889
7.86982831
7.63412424
7.85090852
7.89077906
7.84203180
7.80943516
7.58662910
7.83093546
7.99433753
7.43693099
7.78574244
7.90370233
7.79972990
7.48516030
7.77389002
8.02301367
7.72262300
7.67432911
7.77485846
8.06737792
7.69520255
8.01548437
8.00067405
7.90235140
7.61977375
7.57617747
7.80660180
7.89468398
7.88597491
7.72936387
8.04464167
7.71892146
7.89827876
7.78727701
7.89015692
7.89433307
7.74713129
8.00680643
7.69628905
7.72848137
7.95430860
8.09332776
7.52061406
7.65641469
7.81609998
7.86268815
7.68531285
7.99423108
7.69582663
7.92334222
7.76608268
7.56160362
7.65002356
8.08575457
7.85154004
7.62310179
7.77289698
7.89417470
7.70419367
7.75767409
7.73169705
7.59226746
7.53204004
7.81388212
7.83385955
7.74547693
7.80937076
7.66699813
7.81158743
7.59166944
7.79096790
7.75204535
7.53223178
8.03688085
7.68533579
7.61940227
7.98068710
7.86116956
7.51802299
7.70010341
7.80700744
7.83752660
7.88829854
7.58810302
7.86002706
7.73898826
7.72026723
7.92172368
7.75896488
7.71010552
7.75050772
7.59968972
7.92911856
7.91374964
7.80616240
7.81484096
7.98267291
7.81877578
7.91011623
8.23765492
7.62694409
7.96408072
7.93359415
7.74439600
7.82699105
7.58565914
7.68884149
7.59460011
7.83351657
7.74599682
7.66433565
7.43361810
7.64192697
7.94609129
7.88159399
7.89109480
7.92013877
7.57930463
7.52042127
7.86699793
7.99232955
8.07619146
7.81040856
7.54374927
7.99600009
7.88963894
8.18081674
7.64006380
7.39653349
7.62825962
8.02239654
7.83811060
7.57394985
7.77338217
7.89514869
8.09416667
7.78252252
8.16930217
7.97912521
7.65639196
7.99433627
7.90820001
7.94611443
7.70810585
7.99642445
7.60106351
7.75127124
7.83588749
7.76331767
8.00912686
7.76839480
7.85271423
7.80696974
7.67500889
7.81225001
7.54926626
7.61285942
7.71547470
7.92147378
7.78961123
7.74825035
7.76053752
7.74854777
7.96843768
7.76317680
7.72166644
7.82446059
7.61961566
8.18331312
7.88311873
7.89638479
7.50506820
7.61085758
7.65124509
7.97008635
7.92940973
8.05243906
7.67525967
7.80614083
7.75478988
7.63924401
8.04626907
7.86816417
7.84617428
7.74181018
7.74698218
7.91338708
7.89567427
7.80545879
7.79129487
7.66005670
7.87098537
7.95132439
7.99118932
7.84724597
7.91235887
7.78673568
7.58985865
7.70519755
7.81483742
7.87972998
7.58142077
7.78525997
8.02521655
7.72162642
8.01752065
7.69705022
7.79165512
7.88951567
8.02538016
7.63540714
7.74394639
7.69686069
7.72552195
7.51841736
7.92813340
8.02106173
7.80962814
7.87749351
7.67991678
7.67407053
7.69271847
7.81442003
7.79425282
7.69536653
7.55288060
8.02467649
7.74227158
7.91112333
7.60307854
7.61123258
7.56714208
7.75148528
8.07923210
7.80980157
7.82715725
7.83464496
7.65492108
7.97074171
7.59222793
7.91473572
7.69118537
7.83363436
7.69817410
7.88286584
7.72767275
7.92603832
7.76458321
7.86523604
8.13844397
7.82235620
7.89112723
7.74678767
7.85238067
7.68587118
7.87774692
7.89428389
7.84358672
7.64440832
7.82768168
7.56263088
7.77733731
7.55659802
7.80187658
7.82527423
7.60043619
7.94413609
7.82724154
7.49342696
7.86270468
7.78430003
7.80012718
7.53757424
7.73185497
7.88675391
7.68749750
7.81335202
8.05247833
7.60616292
7.75690727
7.81947945
8.14948734
7.71877357
7.76566734
7.83392230
8.15830472
7.74349310
7.74345949
7.77633200
7.98835107
7.94573354
7.85135109
7.94095700
7.35257363
8.03098962
8.04392369
7.96181741
7.92859059
7.89685711
7.91477422
7.97711359
7.74374413
7.84985494
7.90117435
7.79411546
8.02586582
7.94673192
7.70075960
7.79998831
7.61852653
7.70113437
7.78180666
7.89806379
7.45411773
7.66669175
7.37887564
7.99200143
7.57453671
7.66705332
7.80485936
8.06522416
8.02409279
7.93897961
8.02841293
7.88793523
7.73813756
7.54526220
7.83470077
7.76699279
7.70234410
7.79632806
7.83556312
7.90882777
7.96421826
7.65164360
7.87118568
8.00568219
7.66260372
7.69683653
7.69819680
7.89409872
7.94427233
7.94432509
7.64768258
7.90944128
8.11972291
7.66191423
8.10049871
7.84047572
8.19416359
7.66203752
8.03019464
7.88463623
7.77378299
7.80009691
7.79596379
7.82141187
7.85979473
7.70639721
7.83277589
7.82643488
7.58888892
7.84917398
7.89139711
7.85581098
7.65545967
7.90833327
7.73061627
7.73279158
7.87495832
7.67559091
8.14361257
7.64771402
7.57744398
7.91319770
7.99548460
7.68934863
7.89015194
7.63556814
7.82512683
7.69030586
7.93821021
7.84847444
7.77006602
7.72715048
7.78819764
7.51805265
7.89759240
7.60563944
8.11084940
7.75281619
7.64848435
7.96004196
7.80215362
7.60609629
7.86994865
7.77245284
7.66695877
7.71649619
8.04880362
7.94216576
7.53455953
7.93890344
7.70893585
7.74801760
7.67254988
7.83310147
7.80203403
7.63969570
7.62739732
7.89446348
7.72542793
7.87706324
7.88519850
8.05257832
7.54448703
7.90651706
7.86089866
7.57201098
7.65286813
7.65203297
7.82808397
7.64210951
7.43430144
7.86755963
7.74531350
8.07375544
8.14669823
7.77039772
7.66648947
7.59904211
7.76113299
7.83824255
7.69922862
7.87429536
8.03040719
8.24117235
7.83463289
7.73569405
7.85822522
7.83246380
7.84737573
7.74742064
7.93742001
7.85019872
7.48569973
8.01538792
7.98651523
7.88407227
7.70287546
7.97018721
8.08374123
7.70543911
7.75396001
7.84425807
7.89721010
7.54934025
7.90537117
7.53545809
7.82916851
8.10652388
7.86216255
7.70175403
7.93278546
7.95045546
7.80119071
7.76798580
7.70236465
7.86635268
7.64615525
7.82263748
7.69230386
7.72354689
7.84835911
7.78142235
7.64004977
7.82268640
7.43093362
7.85255538
7.68828387
7.65733251
7.86697443
7.86973111
8.03029214
7.75687689
8.10145370
7.86668210
7.76524697
7.67384436
7.89744136
8.08384311
7.62263017
7.72927275
7.60800101
7.65399633
8.07231446
7.89361288
7.86726193
7.74067118
7.56930811
7.80010471
7.83289573
7.62574215
7.95350423
7.58757928
7.84333425
7.75964496
7.83958341
7.70977980
7.96385521
7.92182232
7.68868925
7.86917997
7.57032768
7.85307159
7.95062004
7.70338898
7.73016213
7.66447797
7.70694642
7.48441189
7.78250126
7.55762229
7.95281883
7.87219754
8.00303778
7.79591042
7.92115109
7.71851933
7.76909174
7.72079427
7.59446998
7.76411360
7.85184083
7.67737568
8.01588897
7.73985925
7.94933556
8.03083052
7.61631034
7.86117397
7.72502373
8.03523097
7.95439552
7.92335410
7.65546203
7.60241549
7.83660268
7.97496939
7.71758969
7.75505208
7.83528150
7.71807415
7.86273716
7.88582550
7.80653832
7.99200702
7.68732488
7.91049561
7.82398019
7.44527048
7.80396768
7.30817872
7.33756193
7.94811958
7.27139959
7.74728527
7.72687068
8.00974001
7.65076494
7.78912012
7.57956341
7.92552284
7.52830344
7.92900085
7.62882632
7.80115744
7.65704852
7.97147639
7.66196634
7.71249756
7.94226249
7.80089221
7.58607026
7.69242572
7.65983755
7.91737938
7.66524976
7.90857769
7.78874713
7.74208196
7.82843554
7.66736353
7.81294598
7.87744377
7.75041319
7.61635363
7.64631836
7.90770566
7.72729317
7.79927821
7.51441823
7.97232964
7.98520171
7.86251494
7.95753206
7.59814130
8.16684910
7.92003323
7.79708225
7.72643403
8.02861525
7.90686918
7.65818814
8.08799770
8.13462455
7.62663790
7.65958006
7.61889855
7.62008708
7.93855323
7.91839683
8.06513021
7.90493293
7.73817938
7.63523936
7.90186244
7.80318446
7.75952110
7.75982415
8.04662080
7.82966797
7.87988423
7.72350382
7.84524974
7.76067653
7.91166211
7.72359759
7.89245568
7.82080638
7.78723328
8.08994172
7.67825796
7.86129118
7.67365138
7.83316584
7.82978586
7.89664703
7.67977590
8.02839436
7.92506183
8.03483314
7.87119642
7.93490991
7.60212875
7.74960728
7.76079572
7.89660182
7.86873320
7.85841598
7.85771891
7.62126525
7.83780351
8.08100778
7.69575485
7.77619581
7.57167620
7.92444882
7.58076600
7.66646271
7.73220352
7.80181461
8.14465552
7.96253781
7.82644321
7.93106050
7.67218173
7.64830209
7.84812911
7.76115890
7.83673407
7.51711692
7.89170664
7.84559714
7.93836920
7.70316875
7.98357341
8.01829541
7.91660423
7.74067996
7.75188625
8.04635397
7.66811011
8.00660365
7.65659993
7.68575985
8.02415448
7.91706859
7.58498984
8.01612325
7.99404921
7.51481307
7.78472608
7.99412686
7.64011538
7.76150087
7.86397755
7.74568537
7.89367987
7.85732235
7.57064038
7.73789860
7.74976341
7.88071061
7.79595276
8.02672399
7.91623863
7.59313936
7.88259639
7.89735181
7.92525564
8.00024728
7.67041483
7.87999650
7.88731389
7.94349113
7.53016101
7.68002826
7.89700911
7.94111799
7.96962576
7.94800998
7.83166508
7.75296682
8.00108225
8.08068447
8.04690606
7.91612463
7.69309355
8.18302070
7.81729734
7.83483503
7.63340325
7.71617894
7.82057072
7.81456993
7.75787548
7.60582109
7.67689793
7.96206404
7.66969759
8.00118066
7.87303925
7.95813043
7.65837343
7.87906301
7.67304748
7.48979408
7.48408553
7.66093483
7.94111178
8.03379349
8.00305585
7.99144648
7.62156643
7.66111971
7.73353329
7.74414442
7.83461295
7.76232308
7.74087132
7.93197247
7.54623060
7.89464361
7.78866018
7.83550470
7.79426200
7.66394263
7.87792970
7.76134219
7.95389082
7.89208750
7.76659528
7.65511782
8.25350977
7.63950151
7.80511892
7.48930793
7.69642685
7.67223456
7.87217570
7.43775890
7.72548378
7.41089777
7.79981851
7.94058166
7.82587102
7.68365544
7.79163946
7.58900982
7.71357511
7.82397570
7.85757593
7.74039287
7.96895346
7.67574964
7.70892098
7.85830025
7.89442773
7.75706542
7.83202713
7.58720518
7.60811657
7.73830614
7.75749916
7.77207521
7.75717311
7.85867340
7.82371256
8.13955099
7.96540938
7.90656063
7.69999712
7.91497644
7.77700926
7.94834714
7.64341086
7.64659210
7.87176281
7.68795678
7.76694704
7.64800671
7.58638387
8.06182520
7.98025173
7.76424035
7.85766577
7.83431953
7.71767526
7.82539294
7.69942049
7.79192046
7.85320660
7.94932808
7.60308785
8.12349063
7.75358851
7.56958473
7.81587251
7.67907205
7.86587200
7.59285396
7.83308871
8.03337969
7.72737575
7.77730094
7.84160576
7.88053626
7.63249307
7.69218350
7.75319155
7.68548249
7.69040641
7.66887926
7.86122075
7.93201533
7.97126269
7.77277275
8.01591387
7.89233032
7.79515959
7.66913176
7.83149647
7.67477265
7.83544002
7.64403877
7.96702817
8.21370532
7.87245805
7.71791173
7.66122666
7.83402053
7.86559283
7.69534997
7.78289420
7.72338481
7.58144673
7.71987751
7.86429990
7.74165028
7.81536394
7.65201920
7.74405892
7.63347703
7.87294350
7.68984782
7.84096375
7.68531145
7.89877638
7.83977130
7.95304865
7.60459762
7.56200164
7.61840372
7.75200830
7.85536194
7.97852615
7.76967020
7.81964714
8.21981804
7.67705564
7.82094203
7.74211955
7.65689799
7.46995147
7.86618110
7.87542177
8.08151155
7.85790362
7.76932977
7.92932062
8.04110157
7.92232084
8.03738059
7.89705808
7.95774054
7.58082202
7.78696152
7.85483974
7.60992669
7.67082069
7.58539731
7.53666858
7.80152983
7.58791597
7.91093709
8.38423418
7.73341673
7.66630877
7.67854177
7.21596851
7.84250517
7.81497765
7.58073133
7.63872302
7.63432261
7.73500492
8.08366072
8.01879632
7.99161197
7.92640831
7.86732424
7.73217790
7.80213489
7.60887047
7.92117148
7.91467378
7.89742547
7.85285351
7.73204754
7.67178370
7.74395582
7.91637058
7.82599103
7.57598395
7.81597390
8.04819217
7.81710171
7.84827429
7.41841815
7.80704290
7.63256996
7.57907451
7.81676995
7.93267100
7.77027368
7.93945306
7.71450357
7.91368268
7.97688399
8.01600580
7.71623567
7.90829594
7.74875972
7.82334590
7.60834827
7.93013984
7.65275711
7.85948968
7.84159079
7.82559446
7.78960245
7.71498490
7.78692786
8.12294750
7.78181106
7.67071450
7.70497779
7.73818117
7.73734460
7.48726199
7.70094678
7.99139863
8.00933765
7.46686138
8.01609516
7.96910704
7.75996437
7.70023682
7.65073335
7.68782491
7.77462424
7.43828931
7.52866274
7.80111213
7.93076994
7.52405146
7.75150378
7.63507496
7.79782257
7.70903332
7.74132062
7.77438235
7.63749549
7.80191325
7.82085642
7.82893022
7.74296825
7.93667462
7.65782992
7.99321175
7.90538003
7.93593305
7.95180011
7.96294874
7.64003709
7.47460045
7.80334464
7.85026451
8.05417957
7.94795723
7.51730025
7.61390457
7.91052973
7.66335859
7.98314700
7.82292402
7.84914868
7.49123065
7.58248202
7.77389183
7.78442280
7.94992410
7.97003434
7.95037795
7.77114038
8.05790074
7.79794800
7.65911523
7.61863536
7.67613891
8.13283467
7.69037463
7.76102150
7.63992006
7.60032498
7.88600231
7.64904466
7.68229325
7.54862908
7.94518988
8.09208031
7.60633616
8.03220144
7.70661065
7.59838041
7.65894217
7.63317596
8.04902213
7.72501011
8.10422923
7.68477153
7.83164598
7.47360039
7.67626229
7.89090901
7.68362739
8.19375972
7.84955223
8.06637195
8.00276649
7.72970961
7.81856482
7.79425130
7.71233992
7.63821516
7.70063983
8.00709299
7.92278375
8.04496975
8.01689289
7.68956009
7.62877597
7.64482848
7.50777772
7.77857921
7.66287858
7.86899076
7.69005610
7.65816491
7.70681382
7.98893414
7.60820452
7.50569359
7.79571259
7.66311669
7.71801712
7.85770219
7.80822897
7.70042186
7.82372131
7.96278181
7.73776630
7.68947028
7.79411672
7.66401044
7.72290042
7.66631623
7.79001146
7.75822519
7.93248465
7.61718462
7.98139110
7.71481995
7.64458752
7.33525137
7.78316806
7.78651885
7.64250858
7.80973152
7.85949518
7.71853399
7.68412263
7.63791188
7.90587218
7.80545619
7.67230191
7.76306576
7.96581820
7.95199683
7.65730693
7.59443486
7.88150712
8.01852004
7.96974897
7.88873783
7.90430824
7.90847633
7.69104823
7.78399120
7.82112958
7.59652845
7.89547134
7.68277285
7.75554760
7.60891998
7.88386902
7.86522310
7.78514063
7.93227063
7.94196960
7.73847824
7.49057769
7.92607479
7.94020599
7.65104349
7.85974433
7.67114791
7.48144414
7.66796034
7.58192440
7.75850447
7.75836645
7.89435350
8.27803977
7.68043050
7.92700901
7.58876286
8.02564126
8.03324539
7.87550530
8.03037896
7.79654413
7.66279464
7.86925125
7.62047251
7.52474640
7.89263616
7.80532255
8.05093153
7.59507413
7.76785996
7.89189070
7.67541141
8.00264850
8.18793701
7.73242165
7.74394840
7.75837221
8.04187267
7.90471407
7.85007195
7.83851886
7.63766879
7.75349996
7.89836797
7.76780303
7.93088449
7.73612647
7.56599766
8.10303937
7.85179582
7.96108491
7.82160760
7.90781157
8.27590216
7.57415692
8.05053881
7.90972766
7.76532726
7.78583680
7.85027029
7.80698020
7.90727710
7.88700061
7.90847160
7.86037932
7.62945416
